109
120
121
127
137
145
172
177
198
213
215
227
229
232
251
262
266
275
319
323
334
340
370
392
399
408
423
426
448
452
477
478
498
504
513
515
527
529
531
536
541
552
558
570
573
652
692
695
696
713
728
763
776
780
787
799
826
850
853
865
884
886
890
897
902
913
918
932
937
948
954
956
960
961
991
1003
1016
1017
1021
1047
1049
1106
1114
1135
1162
1171
1174
1175
1199
1201
1208
1226
1241
1263
1278
1284
1299
1330
1344
1351
1359
1366
1371
1394
1410
1439
1456
1459
1504
1507
1513
1519
1548
1550
1571
1591
1612
1616
1644
1645
1652
1654
1657
1677
1683
1695
1709
1711
1719
1729
1749
1757
1767
1778
1780
1794
1798
1817
1834
1835
1846
1849
1870
1872
1883
1887
1902
1906
1909
1928
1932
1933
1946
1966
1969
1977
1984
2016
2042
2043
2089
2090
2094
2108
2124
2128
2138
2160
2173
2189
2194
2204
2218
2245
2247
2256
2269
2283
2287
2301
2331
2363
2367
2385
2390
2393
2401
2437
2441
2468
2500
2501
2505
2538
2544
2560
2570
2571
2583
2584
2599
2617
2623
2627
2630
2670
2681
2706
2710
2721
2726
2728
2744
2751
2754
2764
2776
2814
2826
2859
2890
2891
2923
2964
2991
2994
2997
3024
3048
3058
3075
3076
3080
3100
3138
3139
3148
3163
3182
3191
3193
3196
3203
3219
3228
3237
3238
3261
3282
3283
3294
3304
3349
3358
3360
3372
3376
3378
3431
3456
3457
3492
3511
3526
3532
3546
3550
3562
3575
3594
3595
3608
3617
3625
3628
3637
3643
3661
3685
3694
3695
3731
3744
3762
3770
3792
3806
3816
3824
3825
3833
3852
3855
3872
3880
3899
3915
3925
3935
3964
3970
3971
4007
4017
4023
4066
4077
4124
4127
4132
4138
4148
4153
4160
4169
4188
4204
4209
4225
4229
4237
4246
4248
4252
4255
4286
4310
4323
4332
4340
4341
4342
4351
4358
4364
4390
4404
4426
4428
4431
4460
4463
4464
4466
4486
4490
4503
4528
4539
4546
4565
4573
4578
4591
4597
4599
4603
4650
4670
4671
4674
4690
4698
4704
4742
4768
4775
4783
4815
4832
4834
4840
4848
4880
4888
4890
4893
4897
4900
4944
4956
4965
4976
4990
5005
5014
5017
5026
5036
5053
5078
5080
5086
5120
5130
5152
5173
5176
5183
5192
5193
5205
5235
5244
5265
5278
5289
5299
5305
5320
5334
5354
5358
5366
5368
5383
5388
5425
5427
5482
5491
5492
5497
5506
5553
5560
5565
5574
5601
5621
5642
5661
5665
5666
5684
5685
5691
5698
5737
5771
5772
5804
5819
5823
5834
5855
5861
5879
5884
5921
5928
5931
5932
5946
5950
5957
5966
5982
5985
5989
5991
5997
6010
6016
6048
6051
6052
6059
6064
6068
6071
6084
6086
6090
6093
6094
6127
6132
6145
6150
6152
6168
6179
6185
6201
6204
6209
6217
6218
6223
6224
6233
6248
6256
6258
6263
6268
6282
6285
6288
6296
6303
6314
6334
6367
6391
6400
6405
6414
6423
6433
6437
6458
6477
6478
6480
6489
6512
6517
6520
6528
6529
6560
6563
6575
6584
6603
6610
6630
6632
6648
6649
6653
6656
6659
6664
6671
6686
6693
6700
6714
6721
6722
6725
6736
6765
6773
6802
6826
6854
6893
6894
6899
6904
6909
6916
6930
6954
6957
6961
6969
6992
6998
7023
7040
7044
7074
7080
7094
7118
7135
7168
7176
7188
7195
7226
7246
7258
7281
7295
7309
7324
7333
7335
7338
7339
7345
7349
7360
7369
7386
7398
7399
7434
7442
7444
7461
7467
7470
7478
7509
7516
7523
7528
7530
7534
7538
7545
7560
7566
7576
7581
7583
7655
7661
7675
7686
7737
7750
7756
7768
7774
7777
7781
7794
7808
7813
7817
7824
7833
7847
7876
7889
7908
7911
7933
7936
7937
7938
7945
7951
7956
7957
7964
7982
7983
7991
8006
8040
8054
8066
8068
8071
8073
8087
8088
8096
8130
8135
8143
8146
8151
8153
8154
8172
8198
8211
8232
8276
8287
8293
8298
8326
8334
8365
8392
8398
8416
8420
8441
8446
8448
8451
8453
8473
8483
8485
8490
8491
8501
8502
8519
8550
8579
8588
8603
8605
8613
8614
8617
8641
8645
8647
8657
8659
8668
8670
8697
8713
8722
8728
8730
8744
8756
8781
8794
8807
8826
8833
8841
8850
8872
8934
8942
8948
8954
8967
8976
9017
9053
9056
9062
9064
9069
9078
9095
9100
9105
9106
9107
9123
9133
9150
9154
9160
9172
9229
9239
9243
9250
9257
9271
9272
9290
9303
9308
9310
9334
9338
9362
9369
9373
9393
9424
9430
9438
9461
9466
9470
9481
9485
9514
9525
9532
9543
9565
9589
9600
9614
9623
9632
9649
9689
9704
9710
9724
9728
9729
9736
9747
9749
9750
9756
9776
9787
9788
9798
9804
9807
9820
9825
9836
9837
9864
9865
9866
9879
9880
9890
9893
9895
9902
9903
9908
9918
9940
9953
9970
9971
9987
9989
9991
9992
